version 3
run General-0-20240515-10:32:58-83736
attr configname General
attr datetime 20240515-10:32:58
attr datetimef 20240515-103258
attr experiment General
attr inifile omnetpp.ini
attr iterationvars ""
attr iterationvarsd ""
attr iterationvarsf ""
attr measurement ""
attr network Network
attr processid 83736
attr repetition 0
attr replication #0
attr resultdir results
attr runnumber 0
attr seedset 0
config network Network
config sim-time-limit 200s
config Network.nodeTx.gen.generationInterval exponential(0.1)
config Network.nodeTx.gen.packetByteSize 12500
config Network.queue0.bufferSize 100
config Network.queue1.bufferSize 200
config Network.nodeRx.traRx.bufferSize 200
config Network.nodeTx.traTx.bufferSize 20000000
config Network.queue0.serviceTime exponential(0.001)
config Network.queue1.serviceTime exponential(0.001)

vector 0 Network.nodeTx.gen PacketGen ETV
vector 1 Network.nodeTx.traTx "Buffer size" ETV
vector 2 Network.queue0 bufferSize ETV
vector 3 Network.nodeRx.traRx bufferSize ETV
vector 4 Network.nodeRx.sink Delay ETV
vector 5 Network.nodeRx.sink "Delivered Packets" ETV
0	1	0.079587450457	1
0	4	0.169443489305	2
0	11	0.29503656511	3
0	21	0.480996986317	4
0	24	0.573319299464	5
0	35	0.768473833052	6
0	41	0.84719394705	7
0	52	1.03509035247	8
0	57	1.090195201137	9
0	64	1.187895843776	10
0	70	1.291711773842	11
0	74	1.340224590214	12
0	79	1.397776509902	13
0	81	1.433092423816	14
0	94	1.65544486602	15
0	96	1.661283332929	16
0	114	1.992774560922	17
0	117	2.024610175006	18
0	119	2.072970385501	19
0	125	2.137915020326	20
0	136	2.294804632088	21
0	143	2.46202575212	22
1	2	0.079587450457	1
1	5	0.169443489305	1
1	12	0.29503656511	1
1	22	0.480996986317	1
1	25	0.573319299464	1
1	36	0.768473833052	1
1	42	0.84719394705	1
1	53	1.03509035247	1
1	58	1.090195201137	1
1	65	1.187895843776	1
1	71	1.291711773842	1
1	75	1.340224590214	1
1	80	1.397776509902	2
1	82	1.433092423816	3
1	95	1.65544486602	1
1	97	1.661283332929	2
1	115	1.992774560922	1
1	118	2.024610175006	1
1	120	2.072970385501	2
1	126	2.137915020326	2
1	137	2.294804632088	1
1	144	2.46202575212	1
2	7	0.179687450457	1
2	10	0.279687450457	1
2	18	0.39513656511	1
2	30	0.581096986317	1
2	34	0.681096986317	2
2	44	0.868573833052	2
2	48	0.968573833052	3
2	60	1.13519035247	3
2	67	1.23519035247	3
2	73	1.33519035247	4
2	84	1.43519035247	4
2	88	1.53519035247	5
2	93	1.63519035247	5
2	101	1.73519035247	6
2	106	1.83519035247	6
2	110	1.93519035247	7
2	124	2.092874560922	7
2	131	2.192874560922	7
2	135	2.292874560922	8
2	142	2.392874560922	8
2	148	2.492874560922	9
3	15	0.379787450457	1
3	16	0.379787450457	0
3	27	0.579787450457	1
3	28	0.579787450457	0
3	39	0.779787450457	1
3	40	0.779787450457	0
3	50	0.979787450457	1
3	51	0.979787450457	0
3	62	1.179787450457	1
3	63	1.179787450457	0
3	77	1.379787450457	1
3	78	1.379787450457	0
3	90	1.579787450457	1
3	91	1.579787450457	0
3	103	1.779787450457	1
3	104	1.779787450457	0
3	112	1.979787450457	1
3	113	1.979787450457	0
3	128	2.179787450457	1
3	129	2.179787450457	0
3	139	2.379787450457	1
3	140	2.379787450457	0
4	19	0.479787450457	0.4002
4	31	0.679787450457	0.510343961152
4	45	0.879787450457	0.584750885347
4	55	1.079787450457	0.59879046414
4	68	1.279787450457	0.706468150993
4	85	1.479787450457	0.711313617405
4	98	1.679787450457	0.832593503407
4	107	1.879787450457	0.844697097987
4	121	2.079787450457	0.98959224932
4	132	2.279787450457	1.091891606681
4	145	2.479787450457	1.188075676615
5	19	0.479787450457	1
5	31	0.679787450457	2
5	45	0.879787450457	3
5	55	1.079787450457	4
5	68	1.279787450457	5
5	85	1.479787450457	6
5	98	1.679787450457	7
5	107	1.879787450457	8
5	121	2.079787450457	9
5	132	2.279787450457	10
5	145	2.479787450457	11
0	149	2.537293163451	23
0	156	2.602681420173	24
0	160	2.686624705463	25
0	164	2.736511906365	26
0	180	2.99633731495	27
0	187	3.177174241377	28
0	193	3.184542776924	29
0	195	3.225700576548	30
0	197	3.23481667916	31
0	203	3.339277929991	32
0	205	3.341320488831	33
0	212	3.387245302557	34
0	218	3.565994068901	35
1	150	2.537293163451	1
1	157	2.602681420173	1
1	161	2.686624705463	2
1	165	2.736511906365	2
1	181	2.99633731495	1
1	188	3.177174241377	1
1	194	3.184542776924	1
1	196	3.225700576548	2
1	198	3.23481667916	3
1	204	3.339277929991	3
1	206	3.341320488831	4
1	213	3.387245302557	4
1	219	3.565994068901	4
2	155	2.592874560922	9
2	163	2.692874560922	10
2	170	2.792874560922	10
2	174	2.892874560922	11
2	179	2.992874560922	11
2	186	3.09643731495	12
2	200	3.277274241377	12
2	208	3.377274241377	13
2	215	3.477274241377	13
2	221	3.577274241377	14
2	226	3.677274241377	14
2	230	3.777274241377	15
3	152	2.579787450457	1
3	153	2.579787450457	0
3	167	2.779787450457	1
3	168	2.779787450457	0
3	176	2.979787450457	1
3	177	2.979787450457	0
3	191	3.179787450457	1
3	192	3.179787450457	0
3	210	3.379787450457	1
3	211	3.379787450457	0
3	223	3.579787450457	1
3	224	3.579787450457	0
4	158	2.679787450457	1.339562860243
4	171	2.879787450457	1.482010940555
4	183	3.079787450457	1.646695026641
4	201	3.279787450457	1.624342584437
4	216	3.479787450457	1.818504117528
4	227	3.679787450457	1.687012889535
5	158	2.679787450457	12
5	171	2.879787450457	13
5	183	3.079787450457	14
5	201	3.279787450457	15
5	216	3.479787450457	16
5	227	3.679787450457	17
0	238	3.881011061769	36
0	245	4.031589487633	37
0	247	4.046712572999	38
0	258	4.250743998793	39
0	269	4.454833220384	40
0	284	4.839355407298	41
0	289	4.903526324566	42
0	298	5.064050280272	43
0	308	5.225450487761	44
0	313	5.287343433724	45
0	317	5.360839875843	46
0	326	5.512493473242	47
0	335	5.626087367413	48
0	338	5.638674808357	49
0	344	5.766197578579	50
0	351	5.868340766014	51
0	357	5.955572885518	52
0	359	5.971045853568	53
0	366	6.048129319415	54
0	381	6.337571367214	55
0	389	6.479707835223	56
0	394	6.553490564399	57
0	396	6.564685180462	58
0	403	6.618241752485	59
0	409	6.682411222688	60
0	411	6.713139257903	61
0	413	6.733759586106	62
0	424	6.882585068681	63
0	431	7.016114087143	64
0	433	7.077022329461	65
0	439	7.101427178535	66
0	446	7.185460649096	67
0	448	7.199988451825	68
0	450	7.201885308745	69
0	452	7.241062389813	70
0	458	7.33720048372	71
0	460	7.353414132665	72
0	467	7.448113800382	73
0	469	7.473257993589	74
0	475	7.569212791326	75
0	482	7.618068496257	76
1	239	3.881011061769	1
1	246	4.031589487633	1
1	248	4.046712572999	2
1	259	4.250743998793	1
1	270	4.454833220384	1
1	285	4.839355407298	1
1	290	4.903526324566	1
1	299	5.064050280272	1
1	309	5.225450487761	1
1	314	5.287343433724	1
1	318	5.360839875843	1
1	327	5.512493473242	1
1	336	5.626087367413	1
1	339	5.638674808357	1
1	345	5.766197578579	1
1	352	5.8683407660vector 6 Network.queue1 bufferSize ETV
0	304	4.839355407298	41
0	309	4.903526324566	42
0	318	5.064050280272	43
0	328	5.225450487761	44
0	335	5.287343433724	45
0	340	5.360839875843	46
0	348	5.512493473242	47
0	358	5.626087367413	48
0	361	5.638674808357	49
0	370	5.766197578579	50
0	376	5.868340766014	51
0	384	5.955572885518	52
0	386	5.971045853568	53
0	392	6.048129319415	54
0	410	6.337571367214	55
0	418	6.479707835223	56
0	425	6.553490564399	57
0	427	6.564685180462	58
0	432	6.618241752485	59
0	440	6.682411222688	60
0	442	6.713139257903	61
0	444	6.733759586106	62
0	456	6.882585068681	63
0	462	7.016114087143	64
0	464	7.077022329461	65
0	472	7.101427178535	66
0	478	7.185460649096	67
0	480	7.199988451825	68
0	482	7.201885308745	69
0	484	7.241062389813	70
0	492	7.33720048372	71
0	494	7.353414132665	72
0	500	7.448113800382	73
0	502	7.473257993589	74
0	510	7.569212791326	75
0	516	7.618068496257	76
0	534	7.905859998385	77
0	546	8.138751335806	78
0	552	8.253265231276	79
0	560	8.313039838958	80
0	562	8.357591688463	81
0	568	8.452541146813	82
0	576	8.509994387487	83
0	588	8.742629493656	84
0	594	8.862240273602	85
0	596	8.87269639618	86
0	598	8.878907925227	87
0	620	9.228929293672	88
0	628	9.338820540427	89
0	634	9.444703953576	90
0	642	9.555763698145	91
0	644	9.574506304747	92
0	650	9.598126975355	93
0	652	9.642467378217	94
0	654	9.65627024706	95
0	666	9.795174516039	96
0	668	9.833070712467	97
0	676	9.926676868444	98
0	678	9.971887074466	99
0	684	10.011198330196	100
0	692	10.095641109549	101
0	694	10.09955942519	102
0	696	10.157291856271	103
0	702	10.257878956788	104
0	730	10.703328641406	105
0	746	11.022623305611	106
0	748	11.033386816427	107
0	756	11.139169457762	108
0	758	11.16259960964	109
0	764	11.263401534182	110
0	772	11.280992888725	111
0	798	11.817002923749	112
0	806	11.922877195258	113
0	812	12.010068780621	114
0	814	12.039276833948	115
0	822	12.092783301656	116
0	824	12.155577459755	117
0	830	12.219955559915	118
0	832	12.247983260763	119
0	840	12.34566966817	120
0	842	12.362982413785	121
0	848	12.404232536777	122
0	850	12.415928077756	123
0	858	12.528244907909	124
0	864	12.635052127624	125
0	866	12.673207711961	126
0	874	12.688078938886	127
0	880	12.838742472213	128
0	882	12.860630531864	129
0	900	13.159349521049	130
0	906	13.205350916823	131
0	914	13.313977854911	132
0	926	13.486011020683	133
0	928	13.487377478526	134
0	930	13.497591966678	135
0	936	13.595102160094	136
0	944	13.777084052022	137
0	956	13.889065488597	138
0	958	13.899168966128	139
0	974	14.256527803362	140
0	996	14.63143094932	141
0	1008	14.841963079399	142
0	1016	14.905196739039	143
0	1018	14.976455098372	144
0	1040	15.352647826822	145
0	1042	15.358380519464	146
0	1048	15.451228369154	147
0	1056	15.511223057818	148
0	1062	15.645647585033	149
0	1064	15.647666597848	150
0	1066	15.651664227754	151
0	1074	15.709952066641	152
0	1076	15.743193090737	153
0	1098	16.132350103022	154
0	1100	16.145155779553	155
0	1106	16.189697725745	156
0	1108	16.224815334683	157
0	1116	16.290379963119	158
0	1118	16.303018826762	159
0	1124	16.419706179417	160
0	1126	16.457976274303	161
0	1138	16.670399994003	162
0	1146	16.723888431579	163
0	1158	16.974279609888	164
0	1164	16.980909350036	165
0	1166	17.005348894844	166
0	1174	17.123267847551	167
0	1180	17.206552199158	168
0	1188	17.290161952355	169
0	1200	17.490486004606	170
0	1202	17.521327488616	171
0	1208	17.592452282338	172
0	1210	17.666528177383	173
0	1228	17.915086413081	174
0	1230	17.924951443923	175
0	1242	18.178981894719	176
0	1248	18.264771458826	177
0	1250	18.27344850706	178
0	1268	18.538374099928	179
0	1270	18.570908141481	180
0	1276	18.609264162891	181
0	1278	18.610204237957	182
0	1286	18.720288828966	183
0	1298	18.905021594066	184
0	1300	18.919154665422	185
0	1306	19.02333273084	186
0	1314	19.149326111851	187
0	1326	19.333454359	188
0	1328	19.367619775703	189
0	1334	19.398371548079	190
0	1336	19.418606591936	191
0	1338	19.469326604262	192
0	1346	19.557639508458	193
0	1352	19.638119248438	194
0	1354	19.640150494318	195
0	1356	19.658175719516	196
0	1368	19.834749826757	197
0	1376	19.880922916361	198
0	1378	19.88139357041	199
0	1380	19.897227721033	200
0	1386	20.01049113523	201
0	1394	20.094799438445	202
0	1396	20.12627160453	203
0	1402	20.247922469874	204
0	1414	20.380798257249	205
0	1416	20.414832931073	206
0	1434	20.742347248844	207
0	1440	20.799137664192	208
0	1442	20.827739761443	209
0	1450	20.968842202372	210
0	1456	21.054681499155	211
0	1464	21.105115879814	212
0	1470	21.194774966893	213
0	1482	21.421148324479	214
0	1490	21.506070405635	215
0	1496	21.607936278637	216
0	1498	21.633178277926	217
0	1510	21.855328967773	218
0	1528	22.160557133461	219
0	1534	22.274517929814	220
0	1542	22.333780332559	221
0	1548	22.393418271992	222
0	1560	22.580764259978	223
0	1578	22.965064918302	224
0	1590	23.085288775027	225
0	1592	23.097641439763	226
0	1594	23.13294345309	227
0	1600	23.278625308946	228
0	1612	23.446717529401	229
0	1620	23.499789779063	230
0	1622	23.550291653838	231
0	1628	23.662819855522	232
0	1640	23.875769795129	233
0	1648	23.904510842736	234
0	1654	23.991564425369	235
0	1656	24.02913830961	236
0	1668	24.242621354608	237
0	1686	24.579058399913	238
0	1698	24.696996693277	239
0	1704	24.785782834321	240
0	1712	24.914973761201	241
0	1718	25.022757249615	242
0	1726	25.092337195705	243
0	1728	25.168523972835	244
0	1748	25.481070808601	245
0	1751	25.507276532769	246
0	1756	25.610556233834	247
0	1758	25.66078731366	248
0	1766	25.715926912673	249
0	1772	25.812372269222	250
0	1780	25.905612557263	251
0	1782	25.970023028095	252
0	1784	25.97196100623	253
0	1790	26.035473777793	254
0	1792	26.07136649938	255
0	1804	26.197270851106	256
0	1812	26.305202870972	257
0	1814	26.33916934423	258
0	1816	26.3734293067	259
0	1822	26.421792875359	260
0	1830	26.518030380936	261
0	1836	26.65632830159	262
0	1844	26.712324408597	263
0	1856	26.923069169092	264
0	1858	26.937626566937	265
0	1860	26.948481276786	266
0	1866	26.983903690011	267
0	1868	26.993595965469	268
0	1870	27.077984812728	269
0	1878	27.121687614105	270
0	1884	27.211060521936	271
0	1892	27.291315720512	272
0	1894	27.376723694076	273
0	1896	27.380144035912	274
0	1908	27.48604497445	275
0	1924	27.833298522378	276
0	1932	27.938883483244	277
0	1934	27.977596492459	278
0	1940	28.034057542571	279
0	1942	28.059065692069	280
0	1960	28.285929091338	281
0	1962	28.301158453863	282
0	1964	28.346975742259	283
0	1966	28.357207803744	284
0	1972	28.414453958887	285
0	1994	28.828234934938	286
0	2006	29.050726400661	287
0	2010	29.080882991983	288
0	2020	29.244972749776	289
0	2028	29.321980435731	290
0	2034	29.443682385265	291
0	2042	29.503089735097	292
0	2044	29.51365099946	293
0	2046	29.52413918302	294
0	2058	29.776067396028	295
0	2064	29.819501961622	296
0	2072	29.944762714113	297
0	2078	30.008108975885	298
0	2116	30.684648027879	299
0	2122	30.868621306387	300
0	2130	30.884808315058	301
0	2142	31.119826044033	302
0	2154	31.322416925743	303
0	2157	31.326245217031	304
0	2159	31.343977774546	305
0	2163	31.414969567268	306
0	2170	31.51056620966	307
0	2176	31.528820069848	308
0	2178	31.542038440809	309
0	2186	31.69302078637	310
0	2198	31.881413675029	311
0	2210	32.081612324582	312
0	2220	32.246284234715	313
0	2224	32.299284522529	314
0	2230	32.383472618702	315
0	2232	32.398551719721	316
0	2238	32.45083872273	317
0	2240	32.454217401285	318
0	2242	32.461384939716	319
0	2264	32.866369623596	320
0	2272	32.985913480224	321
0	2278	33.032640736865	322
0	2282	33.09307064405	323
0	2288	33.147556356864	324
0	2294	33.275589777245	325
0	2298	33.280781032463	326
0	2310	33.482058306084	327
0	2316	33.527549490563	328
0	2334	33.898545549753	329
0	2336	33.900222326352	330
0	2348	34.093880050101	331
0	2350	34.120112981018	332
0	2352	34.12129130421	333
0	2362	34.266070712409	334
0	2366	34.310695994461	335
0	2390	34.599157169671	336
0	2407	34.730087006073	337
0	2409	34.868716141275	338
0	2413	34.887545638797	339
0	2415	34.929006893063	340
0	2417	35.002620003062	341
0	2419	35.069866054745	342
0	2421	35.075453060034	343
0	2425	35.116850952301	344
0	2427	35.139164873111	345
0	2429	35.158947823857	346
0	2431	35.160817370899	347
0	2433	35.179569266019	348
0	2437	35.33741053823	349
0	2439	35.399670272628	350
0	2441	35.425020843142	351
0	2445	35.632623949186	352
0	2447	35.674989659322	353
0	2453	35.963444088163	354
0	2457	36.226665974418	355
0	2461	36.32037984619	356
0	2463	36.442259526524	357
0	2467	36.533055929256	358
0	2469	36.536291609721	359
0	2473	36.689374732348	360
0	2475	36.707370466503	361
0	2477	36.776690443457	362
0	2479	36.873838659266	363
0	2481	36.879006949846	364
0	2485	36.965099313514	365
0	2489	37.085196404168	366
0	2491	37.112363211202	367
0	2498	37.600276500001	368
0	2506	37.872411325592	369
0	2510	37.903508106089	370
0	2512	37.998691076843	371
0	2516	38.112350726369	372
0	2518	38.189058691826	373
0	2522	38.388775888575	374
0	2524	38.477913746266	375
0	2528	38.616881452644	376
1	305	4.839355407298	1
1	310	4.903526324566	1
1	319	5.064050280272	1
1	329	5.225450487761	1
1	336	5.287343433724	1
1	341	5.360839875843	1
1	349	5.512493473242	1
1	359	5.626087367413	1
1	362	5.638674808357	1
1	371	5.766197578579	1
1	377	5.868340766014	1
1	385	5.955572885518	1
1	387	5.971045853568	2
1	393	6.048129319415	2
1	411	6.337571367214	1
1	419	6.479707835223	1
1	426	6.553490564399	1
1	428	6.564685180462	2
1	433	6.618241752485	2
1	441	6.682411222688	2
1	443	6.713139257903	3
1	445	6.733759586106	4
1	457	6.882585068681	3
1	463	7.016114087143	3
1	465	7.077022329461	4
1	473	7.101427178535	4
1	479	7.185460649096	4
1	481	7.199988451825	5
1	483	7.201885308745	6
1	485	7.241062389813	7
1	493	7.33720048372	7
1	495	7.353414132665	8
1	501	7.448113800382	8
1	503	7.473257993589	9
1	511	7.569212791326	9
1	517	7.618068496257	9
1	535	7.905859998385	7
1	547	8.138751335806	6
1	553	8.253265231276	6
1	561	8.313039838958	6
1	563	8.357591688463	7
1	569	8.452541146813	7
1	577	8.509994387487	7
1	589	8.742629493656	6
1	595	8.862240273602	6
1	597	8.87269639618	7
1	599	8.878907925227	8
1	621	9.228929293672	5
1	629	9.338820540427	5
1	635	9.444703953576	5
1	643	9.555763698145	5
1	645	9.574506304747	6
1	651	9.598126975355	6
1	653	9.642467378217	7
1	655	9.65627024706	8
1	667	9.795174516039	7
1	669	9.833070712467	8
1	677	9.926676868444	8
1	679	9.971887074466	9
1	685	10.011198330196	9
1	693	10.095641109549	9
1	695	10.09955942519	10
1	697	10.157291856271	11
1	703	10.257878956788	11
1	731	10.703328641406	7
1	747	11.022623305611	5
1	749	11.033386816427	6
1	757	11.139169457762	6
1	759	11.16259960964	7
1	765	11.263401534182	7
1	773	11.280992888725	7
1	799	11.817002923749	3
1	807	11.922877195258	3
1	813	12.010068780621	3
1	815	12.039276833948	4
1	823	12.092783301656	4
1	825	12.155577459755	5
1	831	12.219955559915	5
1	833	12.247983260763	6
1	841	12.34566966817	6
1	843	12.362982413785	7
1	849	12.404232536777	7
1	851	12.415928077756	8
1	859	12.528244907909	8
1	865	12.635052127624	8
1	867	12.673207711961	9
1	875	12.688078938886	9
1	881	12.838742472213	9
1	883	12.860630531864	10
1	901	13.159349521049	8
1	907	13.205350916823	8
1	915	13.313977854911	8
1	927	13.486011020683	7
1	929	13.487377478526	8
1	931	13.497591966678	9
1	937	13.595102160094	9
1	945	13.777084052022	9
1	957	13.889065488597	8
1	959	13.899168966128	9
1	975	14.256527803362	7
1	997	14.63143094932	4
1	1009	14.841963079399	3
1	1017	14.905196739039	3
1	1019	14.976455098372	4
1	1041	15.352647826822	1
1	1043	15.358380519464	2
1	1049	15.451228369154	2
1	1057	15.511223057818	2
1	1063	15.645647585033	2
1	1065	15.647666597848	3
1	1067	15.651664227754	4
1	1075	15.709952066641	4
1	1077	15.743193090737	5
1	1099	16.132350103022	2
1	1101	16.145155779553	3
1	1107	16.189697725745	3
1	1109	16.224815334683	4
1	1117	16.290379963119	4
1	1119	16.303018826762	5
1	1125	16.419706179417	5
1	1127	16.457976274303	6
1	1139	16.670399994003	5
1	1147	16.723888431579	5
1	1159	16.974279609888	4
1	1165	16.980909350036	4
1	1167	17.005348894844	5
1	1175	17.123267847551	5
1	1181	17.206552199158	5
1	1189	17.290161952355	5
1	1201	17.490486004606	4
1	1203	17.521327488616	5
1	1209	17.592452282338	5
1	1211	17.666528177383	6
1	1229	17.915086413081	4
1	1231	17.924951443923	5
1	1243	18.178981894719	4
1	1249	18.264771458826	4
1	1251	18.27344850706	5
1	1269	18.538374099928	3
1	1271	18.570908141481	4
1	1277	18.609264162891	4
1	1279	18.610204237957	5
1	1287	18.720288828966	5
1	1299	18.905021594066	4
1	1301	18.919154665422	5
1	1307	19.02333273084	5
1	1315	19.149326111851	5
1	1327	19.333454359	4
1	1329	19.367619775703	5
1	1335	19.398371548079	5
1	1337	19.418606591936	6
1	1339	19.469326604262	7
1	1347	19.557639508458	7
1	1353	19.638119248438	7
1	1355	19.640150494318	8
1	1357	19.658175719516	9
1	1369	19.834749826757	8
1	1377	19.880922916361	8
1	1379	19.88139357041	9
1	1381	19.897227721033	10
1	1387	20.01049113523	10
1	1395	20.094799438445	10
1	1397	20.12627160453	11
1	1403	20.247922469874	11
1	1415	20.380798257249	10
1	1417	20.414832931073	11
1	1435	20.742347248844	9
1	1441	20.799137664192	9
1	1443	20.827739761443	10
1	1451	20.968842202372	10
1	1457	21.054681499155	10
1	1465	21.105115879814	10
1	1471	21.194774966893	10
1	1483	21.421148324479	9
1	1491	21.506070405635	9
1	1497	21.607936278637	9
1	1499	21.633178277926	10
1	1511	21.855328967773	9
1	1529	22.160557133461	7
1	1535	22.274517929814	7
1	1543	22.333780332559	7
1	1549	22.393418271992	7
1	1561	22.580764259978	6
1	1579	22.965064918302	4
1	1591	23.085288775027	3
1	1593	23.097641439763	4
1	1595	23.13294345309	5
1	1601	23.278625308946	5
1	1613	23.446717529401	4
1	1621	23.499789779063	4
1	1623	23.550291653838	5
1	1629	23.662819855522	5
1	1641	23.875769795129	4
1	1649	23.904510842736	4
1	1655	23.991564425369	4
1	1657	24.02913830961	5
1	1669	24.242621354608	4
1	1687	24.579058399913	2
1	1699	24.696996693277	1
1	1705	24.785782834321	1
1	1713	24.914973761201	1
1	1719	25.022757249615	1
1	1727	25.092337195705	1
1	1729	25.168523972835	2
1	1749	25.481070808601	1
1	1752	25.507276532769	1
1	1757	25.610556233834	1
1	1759	25.66078731366	2
1	1767	25.715926912673	2
1	1773	25.812372269222	2
1	1781	25.905612557263	2
1	1783	25.970023028095	3
1	1785	25.97196100623	4
1	1791	26.035473777793	4
1	1793	26.07136649938	5
1	1805	26.197270851106	4
1	1813	26.305202870972	4
1	1815	26.33916934423	5
1	1817	26.3734293067	6
1	1823	26.421792875359	6
1	1831	26.518030380936	6
1	1837	26.65632830159	6
1	1845	26.712324408597	6
1	1857	26.923069169092	5
1	1859	26.937626566937	6
1	1861	26.948481276786	7
1	1867	26.983903690011	7
1	1869	26.993595965469	8
1	1871	27.077984812728	9
1	1879	27.121687614105	9
1	1885	27.211060521936	9
1	1893	27.291315720512	9
1	1895	27.376723694076	10
1	1897	27.380144035912	11
1	1909	27.48604497445	10
1	1925	27.833298522378	8
1	1933	27.938883483244	8
1	1935	27.977596492459	9
1	1941	28.034057542571	9
1	1943	28.059065692069	10
1	1961	28.285929091338	8
1	1963	28.301158453863	9
1	1965	28.346975742259	10
1	1967	28.357207803744	11
1	1973	28.414453958887	11
1	1995	28.828234934938	8
1	2007	29.050726400661	7
1	2011	29.080882991983	8
1	2021	29.244972749776	7
1	2029	29.321980435731	7
1	2035	29.443682385265	7
1	2043	29.503089735097	7
1	2045	29.51365099946	8
1	2047	29.52413918302	9
1	2059	29.776067396028	8
1	2065	29.819501961622	8
1	2073	29.944762714113	8
1	2079	30.008108975885	8
1	2117	30.684648027879	2
1	2123	30.868621306387	2
1	2131	30.884808315058	2
1	2143	31.119826044033	1
1	2155	31.322416925743	1
1	2158	31.326245217031	1
1	2160	31.343977774546	2
1	2164	31.414969567268	3
1	2171	31.51056620966	3
1	2177	31.528820069848	3
1	2179	31.542038440809	4
1	2187	31.69302078637	4
1	2199	31.881413675029	3
1	2211	32.081612324582	2
1	2221	32.246284234715	1
1	2225	32.299284522529	2
1	2231	32.383472618702	2
1	2233	32.398551719721	3
1	2239	32.45083872273	3
1	2241	32.454217401285	4
1	2243	32.461384939716	5
1	2265	32.866369623596	2
1	2273	32.985913480224	2
1	2279	33.032640736865	2
1	2283	33.09307064405	3
1	2289	33.147556356864	3
1	2295	33.275589777245	3
1	2299	33.280781032463	4
1	2311	33.482058306084	3
1	2317	33.527549490563	3
1	2335	33.898545549753	1
1	2337	33.900222326352	2
1	2349	34.093880050101	1
1	2351	34.120112981018	2
1	2353	34.12129130421	3
1	2363	34.266070712409	2
1	2367	34.310695994461	3
1	2391	34.599157169671	1
1	2408	34.730087006073	2
1	2410	34.868716141275	3
1	2414	34.887545638797	4
1	2416	34.929006893063	5
1	2418	35.002620003062	6
1	2420	35.069866054745	7
1	2422	35.075453060034	8
1	2426	35.116850952301	9
1	2428	35.139164873111	10
1	2430	35.158947823857	11
1	2432	35.160817370899	12
1	2434	35.179569266019	13
1	2438	35.33741053823	14
1	2440	35.399670272628	15
1	2442	35.425020843142	16
1	2446	35.632623949186	17
1	2448	35.674989659322	18
1	2454	35.963444088163	19
1	2458	36.226665974418	20
1	2462	36.32037984619	21
1	2464	36.442259526524	22
1	2468	36.533055929256	23
1	2470	36.536291609721	24
1	2474	36.689374732348	25
1	2476	36.707370466503	26
1	2478	36.776690443457	27
1	2480	36.873838659266	28
1	2482	36.879006949846	29
1	2486	36.965099313514	30
1	2490	37.085196404168	31
1	2492	37.112363211202	32
1	2499	37.600276500001	32
1	2507	37.872411325592	33
1	2511	37.903508106089	34
1	2513	37.998691076843	35
1	2517	38.112350726369	36
1	2519	38.189058691826	37
1	2523	38.388775888575	38
1	2525	38.477913746266	39
2	312	4.939455407298	1
2	315	5.039455407298	1
2	326	5.164150280272	1
2	338	5.325550487761	1
2	343	5.425550487761	1
2	351	5.525550487761	1
2	355	5.625550487761	1
2	368	5.726187367413	1
2	373	5.826187367413	1
2	381	5.926187367413	1
2	389	6.026187367413	1
2	397	6.126187367413	1
2	401	6.226187367413	1
2	407	6.326187367413	1
2	416	6.437671367214	1
2	430	6.579807835223	1
2	437	6.679807835223	1
2	447	6.779807835223	1
2	453	6.879807835223	1
2	459	6.979807835223	1
2	469	7.079807835223	1
2	475	7.179807835223	1
2	489	7.279807835223	1
2	497	7.379807835223	1
2	507	7.479807835223	1
2	513	7.579807835223	1
2	521	7.679807835223	1
2	525	7.779807835223	1
2	531	7.879807835223	1
2	537	7.979807835223	1
2	543	8.079807835223	1
2	549	8.179807835223	1
2	557	8.279807835223	1
2	565	8.379807835223	1
2	573	8.479807835223	1
2	579	8.579807835223	1
2	585	8.679807835223	1
2	591	8.779807835223	1
2	603	8.879807835223	1
2	607	8.979807835223	1
2	613	9.079807835223	1
2	617	9.179807835223	1
2	625	9.279807835223	1
2	631	9.379807835223	1
2	639	9.479807835223	1
2	647	9.579807835223	1
2	659	9.679807835223	1
2	663	9.779807835223	1
2	673	9.879807835223	1
2	681	9.979807835223	1
2	689	10.079807835223	1
2	699	10.179807835223	1
2	707	10.279807835223	1
2	711	10.379807835223	1
2	717	10.479807835223	1
2	721	10.579807835223	1
2	727	10.679807835223	1
2	733	10.779807835223	1
2	739	10.879807835223	1
2	743	10.979807835223	1
2	753	11.079807835223	1
2	761	11.179807835223	1
2	769	11.279807835223	1
2	775	11.379807835223	1
2	781	11.479807835223	1
2	785	11.579807835223	1
2	791	11.679807835223	1
2	795	11.779807835223	1
2	803	11.879807835223	1
2	809	11.979807835223	1
2	819	12.079807835223	1
2	827	12.179807835223	1
2	837	12.279807835223	1
2	845	12.379807835223	1
2	855	12.479807835223	1
2	861	12.579807835223	1
2	871	12.679807835223	1
2	877	12.779807835223	1
2	887	12.879807835223	1
2	891	12.979807835223	1
2	897	13.079807835223	1
2	903	13.179807835223	1
2	911	13.279807835223	1
2	917	13.379807835223	1
2	923	13.479807835223	1
2	933	13.579807835223	1
2	941	13.679807835223	1
2	947	13.779807835223	1
2	953	13.879807835223	1
2	961	13.979807835223	1
2	967	14.079807835223	1
2	971	14.179807835223	1
2	979	14.279807835223	1
2	983	14.379807835223	1
2	989	14.479807835223	1
2	993	14.579807835223	1
2	1001	14.679807835223	1
2	1005	14.779807835223	1
2	1013	14.879807835223	1
2	1021	14.979807835223	1
2	1027	15.079807835223	1
2	1031	15.179807835223	1
2	1037	15.279807835223	1
2	1045	15.379807835223	1
2	1053	15.479807835223	1
2	1059	15.579807835223	1
2	1071	15.679807835223	1
2	1079	15.779807835223	1
2	1085	15.879807835223	1
2	1089	15.979807835223	1
2	1095	16.079807835223	1
2	1103	16.179807835223	1
2	1113	16.279807835223	1
2	1121	16.379807835223	1
2	1131	16.479807835223	1
2	1135	16.579807835223	1
2	1143	16.679807835223	1
2	1149	16.779807835223	1
2	1155	16.879807835223	1
2	1161	16.979807835223	1
2	1171	17.079807835223	1
2	1177	17.179807835223	1
2	1185	17.279807835223	1
2	1191	17.379807835223	1
2	1197	17.479807835223	1
2	1205	17.579807835223	1
2	1215	17.679807835223	1
2	1219	17.779807835223	1
2	1225	17.879807835223	10	1313	20.799137664192	208
0	1315	20.827739761443	209
0	1319	20.968842202372	210
0	1324	21.054681499155	211
0	1328	21.105115879814	212
0	1333	21.194774966893	213
0	1342	21.421148324479	214
0	1346	21.506070405635	215
0	1351	21.607936278637	216
0	1353	21.633178277926	217
0	1360	21.855328967773	218
0	1369	22.160557133461	219
0	1374	22.274517929814	220
0	1378	22.333780332559	221
0	1383	22.393418271992	222
0	1387	22.580764259978	223
0	1399	22.965064918302	224
0	1406	23.085288775027	225
0	1408	23.097641439763	226
0	1410	23.13294345309	227
0	1415	23.278625308946	228
0	1422	23.446717529401	229
0	1426	23.499789779063	230
0	1428	23.550291653838	231
0	1433	23.662819855522	232
0	1440	23.875769795129	233
0	1444	23.904510842736	234
0	1449	23.991564425369	235
0	1451	24.02913830961	236
0	1458	24.242621354608	237
0	1472	24.579058399913	238
0	1483	24.696996693277	239
0	1490	24.785782834321	240
0	1496	24.914973761201	241
0	1503	25.022757249615	242
0	1509	25.092337195705	243
0	1511	25.168523972835	244
0	1531	25.481070808601	245
0	1533	25.507276532769	246
0	1540	25.610556233834	247
0	1542	25.66078731366	248
0	1548	25.715926912673	249
0	1555	25.812372269222	250
0	1561	25.905612557263	251
0	1563	25.970023028095	252
0	1565	25.97196100623	253
0	1572	26.035473777793	254
0	1574	26.07136649938	255
0	1585	26.197270851106	256
0	1591	26.305202870972	257
0	1593	26.33916934423	258
0	1595	26.3734293067	259
0	1602	26.421792875359	260
0	1608	26.518030380936	261
0	1615	26.65632830159	262
0	1621	26.712324408597	263
0	1632	26.923069169092	264
0	1634	26.937626566937	265
0	1636	26.948481276786	266
0	1643	26.983903690011	267
0	1645	26.993595965469	268
0	1647	27.077984812728	269
0	1653	27.121687614105	270
0	1660	27.211060521936	271
0	1666	27.291315720512	272
0	1668	27.376723694076	273
0	1672	27.380144035912	274
0	1681	27.48604497445	275
0	1697	27.833298522378	276
0	1703	27.938883483244	277
0	1705	27.977596492459	278
0	1712	28.034057542571	279
0	1714	28.059065692069	280
0	1729	28.285929091338	281
0	1731	28.301158453863	282
0	1733	28.346975742259	283
0	1735	28.357207803744	284
0	1742	28.414453958887	285
0	1762	28.828234934938	286
0	1773	29.050726400661	287
0	1777	29.080882991983	288
0	1786	29.244972749776	289
0	1792	29.321980435731	290
0	1799	29.443682385265	291
0	1805	29.503089735097	292
0	1807	29.51365099946	293
0	1809	29.52413918302	294
0	1826	29.776067396028	295
0	1843	29.819501961622	296
0	1847	29.944762714113	297
0	1852	30.008108975885	298
0	1871	30.684648027879	299
0	1876	30.868621306387	300
0	1880	30.884808315058	301
0	1887	31.119826044033	302
0	1894	31.322416925743	303
0	1896	31.326245217031	304
0	1898	31.343977774546	305
0	1903	31.414969567268	306
0	1907	31.51056620966	307
0	1909	31.528820069848	308
0	1911	31.542038440809	309
0	1918	31.69302078637	310
0	1923	31.881413675029	311
0	1930	32.081612324582	312
0	1937	32.246284234715	313
0	1941	32.299284522529	314
0	1946	32.383472618702	315
0	1948	32.398551719721	316
0	1950	32.45083872273	317
0	1952	32.454217401285	318
0	1954	32.461384939716	319
0	1968	32.866369623596	320
0	1975	32.985913480224	321
0	1977	33.032640736865	322
0	1981	33.09307064405	323
0	1983	33.147556356864	324
0	1988	33.275589777245	325
0	1990	33.280781032463	326
0	1999	33.482058306084	327
0	2001	33.527549490563	328
0	2013	33.898545549753	329
0	2015	33.900222326352	330
0	2022	34.093880050101	331
0	2024	34.120112981018	332
0	2026	34.12129130421	333
0	2031	34.266070712409	334
0	2035	34.310695994461	335
0	2045	34.599157169671	336
0	2049	34.730087006073	337
0	2054	34.868716141275	338
0	2058	34.887545638797	339
0	2060	34.929006893063	340
0	2065	35.002620003062	341
0	2067	35.069866054745	342
0	2069	35.075453060034	343
0	2073	35.116850952301	344
0	2075	35.139164873111	345
0	2077	35.158947823857	346
0	2079	35.160817370899	347
0	2081	35.179569266019	348
0	2088	35.33741053823	349
0	2093	35.399670272628	350
0	2095	35.425020843142	351
0	2102	35.632623949186	352
0	2104	35.674989659322	353
0	2118	35.963444088163	354
0	2134	36.226665974418	355
0	2140	36.32037984619	356
0	2147	36.442259526524	357
0	2153	36.533055929256	358
0	2155	36.536291609721	359
0	2166	36.689374732348	360
0	2168	36.707370466503	361
0	2170	36.776690443457	362
0	2177	36.873838659266	363
0	2179	36.879006949846	364
0	2185	36.965099313514	365
0	2196	37.085196404168	366
0	2198	37.112363211202	367
0	2223	37.600276500001	368
0	2234	37.872411325592	369
0	2240	37.903508106089	370
0	2247	37.998691076843	371
0	2253	38.112350726369	372
0	2260	38.189058691826	373
0	2271	38.388775888575	374
0	2273	38.477913746266	375
0	2284	38.616881452644	376
0	2290	38.74785998978	377
0	2308	39.081653423165	378
0	2312	39.119042072755	379
0	2319	39.199840078095	380
0	2321	39.250626590364	381
0	2323	39.274501877649	382
0	2329	39.298054334991	383
0	2331	39.323214196302	384
0	2333	39.34381740115	385
0	2335	39.36850332803	386
0	2351	39.65741088722	387
1	1314	20.799137664192	34
1	1316	20.827739761443	35
1	1320	20.968842202372	36
1	1325	21.054681499155	37
1	1329	21.105115879814	38
1	1334	21.194774966893	39
1	1343	21.421148324479	39
1	1347	21.506070405635	40
1	1352	21.607936278637	41
1	1354	21.633178277926	42
1	1361	21.855328967773	43
1	1370	22.160557133461	44
1	1375	22.274517929814	45
1	1379	22.333780332559	46
1	1384	22.393418271992	47
1	1388	22.580764259978	48
1	1400	22.965064918302	49
1	1407	23.085288775027	50
1	1409	23.097641439763	51
1	1411	23.13294345309	52
1	1416	23.278625308946	53
1	1423	23.446717529401	54
1	1427	23.499789779063	55
1	1429	23.550291653838	56
1	1434	23.662819855522	57
1	1441	23.875769795129	58
1	1445	23.904510842736	59
1	1450	23.991564425369	60
1	1452	24.02913830961	61
1	1459	24.242621354608	62
1	1473	24.579058399913	60
1	1484	24.696996693277	59
1	1491	24.785782834321	59
1	1497	24.914973761201	59
1	1504	25.022757249615	59
1	1510	25.092337195705	59
1	1512	25.168523972835	60
1	1532	25.481070808601	57
1	1534	25.507276532769	58
1	1541	25.610556233834	58
1	1543	25.66078731366	59
1	1549	25.715926912673	59
1	1556	25.812372269222	59
1	1562	25.905612557263	59
1	1564	25.970023028095	60
1	1566	25.97196100623	61
1	1573	26.035473777793	61
1	1575	26.07136649938	62
1	1586	26.197270851106	61
1	1592	26.305202870972	61
1	1594	26.33916934423	62
1	1596	26.3734293067	63
1	1603	26.421792875359	63
1	1609	26.518030380936	63
1	1616	26.65632830159	63
1	1622	26.712324408597	63
1	1633	26.923069169092	62
1	1635	26.937626566937	63
1	1637	26.948481276786	64
1	1644	26.983903690011	64
1	1646	26.993595965469	65
1	1648	27.077984812728	66
1	1654	27.121687614105	66
1	1661	27.211060521936	66
1	1667	27.291315720512	66
1	1669	27.376723694076	67
1	1673	27.380144035912	67
1	1682	27.48604497445	67
1	1698	27.833298522378	65
1	1704	27.938883483244	65
1	1706	27.977596492459	66
1	1713	28.034057542571	66
1	1715	28.059065692069	67
1	1730	28.285929091338	65
1	1732	28.301158453863	66
1	1734	28.346975742259	67
1	1736	28.357207803744	68
1	1743	28.414453958887	68
1	1763	28.828234934938	65
1	1774	29.050726400661	64
1	1778	29.080882991983	64
1	1787	29.244972749776	64
1	1793	29.321980435731	64
1	1800	29.443682385265	64
1	1806	29.503089735097	64
1	1808	29.51365099946	65
1	1810	29.52413918302	66
1	1827	29.776067396028	65
1	1844	29.819501961622	66
1	1848	29.944762714113	67
1	1853	30.008108975885	68
1	1872	30.684648027879	69
1	1877	30.868621306387	70
1	1881	30.884808315058	71
1	1888	31.119826044033	72
1	1895	31.322416925743	73
1	1897	31.326245217031	74
1	1899	31.343977774546	75
1	1904	31.414969567268	76
1	1908	31.51056620966	77
1	1910	31.528820069848	78
1	1912	31.542038440809	79
1	1919	31.69302078637	80
1	1924	31.881413675029	81
1	1931	32.081612324582	82
1	1938	32.246284234715	83
1	1942	32.299284522529	84
1	1947	32.383472618702	85
1	1949	32.398551719721	86
1	1951	32.45083872273	87
1	1953	32.454217401285	88
1	1955	32.461384939716	89
1	1969	32.866369623596	89
1	1976	32.985913480224	90
1	1978	33.032640736865	91
1	1982	33.09307064405	92
1	1984	33.147556356864	93
1	1989	33.275589777245	94
1	1991	33.280781032463	95
1	2000	33.482058306084	96
1	2002	33.527549490563	97
1	2014	33.898545549753	98
1	2016	33.900222326352	99
1	2023	34.093880050101	100
1	2025	34.120112981018	101
1	2027	34.12129130421	102
1	2032	34.266070712409	103
1	2036	34.310695994461	104
1	2046	34.599157169671	105
1	2050	34.730087006073	106
1	2055	34.868716141275	107
1	2059	34.887545638797	108
1	2061	34.929006893063	109
1	2066	35.002620003062	110
1	2068	35.069866054745	111
1	2070	35.075453060034	112
1	2074	35.116850952301	113
1	2076	35.139164873111	114
1	2078	35.158947823857	115
1	2080	35.160817370899	116
1	2082	35.179569266019	117
1	2089	35.33741053823	118
1	2094	35.399670272628	119
1	2096	35.425020843142	120
1	2103	35.632623949186	121
1	2105	35.674989659322	122
1	2119	35.963444088163	120
1	2135	36.226665974418	118
1	2141	36.32037984619	118
1	2148	36.442259526524	118
1	2154	36.533055929256	118
1	2156	36.536291609721	119
1	2167	36.689374732348	118
1	2169	36.707370466503	119
1	2171	36.776690443457	120
1	2178	36.873838659266	120
1	2180	36.879006949846	121
1	2186	36.965099313514	121
1	2197	37.085196404168	120
1	2199	37.112363211202	121
1	2224	37.600276500001	117
1	2235	37.872411325592	116
1	2241	37.903508106089	116
1	2248	37.998691076843	116
1	2254	38.112350726369	116
1	2261	38.189058691826	116
1	2272	38.388775888575	115
1	2274	38.477913746266	116
1	2285	38.616881452644	115
1	2291	38.74785998978	115
1	2309	39.081653423165	112
1	2313	39.119042072755	113
1	2320	39.199840078095	113
1	2322	39.250626590364	114
1	2324	39.274501877649	115
1	2330	39.298054334991	115
1	2332	39.323214196302	116
1	2334	39.34381740115	117
1	2336	39.36850332803	118
1	2352	39.65741088722	116
2	1338	21.379807835223	69
2	1464	24.379807835223	55
2	1469	24.479807835223	55
2	1475	24.579807835223	56
2	1480	24.679807835223	56
2	1486	24.779807835223	57
2	1493	24.879807835223	57
2	1499	24.979807835223	58
2	1506	25.079807835223	58
2	1514	25.179807835223	59
2	1519	25.279807835223	59
2	1523	25.379807835223	60
2	1528	25.479807835223	60
2	1536	25.579807835223	61
2	1545	25.679807835223	61
2	1551	25.779807835223	62
2	1558	25.879807835223	62
2	1568	25.979807835223	63
2	1577	26.079807835223	63
2	1581	26.179807835223	64
2	1588	26.279807835223	64
2	1598	26.379807835223	65
2	1605	26.479807835223	65
2	1611	26.579807835223	66
2	1618	26.679807835223	66
2	1624	26.779807835223	67
2	1629	26.879807835223	67
2	1639	26.979807835223	68
2	1650	27.079807835223	68
2	1656	27.179807835223	69
2	1663	27.279807835223	69
2	1671	27.379807835223	70
2	1678	27.479807835223	70
2	1684	27.579807835223	71
2	1689	27.679807835223	71
2	1693	27.779807835223	72
2	1700	27.879807835223	72
2	1708	27.979807835223	73
2	1717	28.079807835223	73
2	1721	28.179807835223	74
2	1726	28.279807835223	74
2	1738	28.379807835223	75
2	1745	28.479807835223	75
2	1749	28.579807835223	76
2	1754	28.679807835223	76
2	1758	28.779807835223	77
2	1765	28.879807835223	77
2	1769	28.979807835223	78
2	1776	29.079807835223	78
2	1782	29.179807835223	79
2	1789	29.279807835223	79
2	1795	29.379807835223	80
2	1802	29.479807835223	80
2	1812	29.579807835223	82
2	1823	29.679807835223	82
2	1828	29.779807835223	84
2	1964	32.779807835223	68
2	2110	35.779807835223	54
2	2115	35.879807835223	54
2	2121	35.979807835223	55
2	2126	36.079807835223	55
2	2130	36.179807835223	56
2	2137	36.279807835223	56
2	2143	36.379807835223	57
2	2150	36.479807835223	57
2	2158	36.579807835223	58
2	2163	36.679807835223	58
2	2173	36.779807835223	59
2	2182	36.879807835223	59
2	2188	36.979807835223	60
2	2193	37.079807835223	60
2	2201	37.179807835223	61
2	2206	37.279807835223	61
2	2210	37.379807835223	62
2	2215	37.479807835223	62
2	2219	37.579807835223	63
2	2226	37.679807835223	63
2	2230	37.779807835223	64
2	2237	37.879807835223	64
2	2243	37.979807835223	65
2	2250	38.079807835223	65
2	2256	38.179807835223	66
2	2263	38.279807835223	66
2	2267	38.379807835223	67
2	2276	38.479807835223	67
2	2280	38.579807835223	68
2	2287	38.679807835223	68
2	2293	38.779807835223	69
2	2298	38.879807835223	69
2	2302	38.979807835223	70
2	2307	39.079807835223	70
2	2315	39.179807835223	71
2	2326	39.279807835223	71
2	2338	39.379807835223	72
2	2343	39.479807835223	72
2	2347	39.579807835223	73
2	2354	39.679807835223	73
3	1322	20.981067450457	1
3	1323	20.981067450457	0
3	1331	21.181067450457	1
3	1332	21.181067450457	0
3	1340	21.381067450457	1
3	1341	21.381067450457	0
3	1349	21.581067450457	1
3	1350	21.581067450457	0
3	1358	21.781067450457	1
3	1359	21.781067450457	0
3	1365	21.981067450457	1
3	1366	21.981067450457	0
3	1372	22.181067450457	1
3	1373	22.181067450457	0
3	1381	22.381067450457	1
3	1382	22.381067450457	0
3	1390	22.581067450457	1
3	1391	22.581067450457	0
3	1395	22.781067450457	1
3	1396	22.781067450457	0
3	1402	22.981067450457	1
3	1403	22.981067450457	0
3	1413	23.181067450457	1
3	1414	23.181067450457	0
3	1420	23.381067450457	1
3	1421	23.381067450457	0
3	1431	23.581067450457	1
3	1432	23.581067450457	0
3	1438	23.781067450457	1
3	1439	23.781067450457	0
3	1447	23.981067450457	1
3	1448	23.981067450457	0
3	1456	24.181067450457	1
3	1457	24.181067450457	0
3	1466	24.381067450457	1
3	1467	24.381067450457	0
3	1477	24.581067450457	1
3	1478	24.581067450457	0
3	1488	24.781067450457	1
3	1489	24.781067450457	0
3	1501	24.981067450457	1
3	1502	24.981067450457	0
3	1516	25.181067450457	1
3	1517	25.181067450457	0
3	1525	25.381067450457	1
3	1526	25.381067450457	0
3	1538	25.581067450457	1
3	1539	25.581067450457	0
3	1553	25.781067450457	1
3	1554	25.781067450457	0
3	1570	25.981067450457	1
3	1571	25.981067450457	0
3	1583	26.181067450457	1
3	1584	26.181067450457	0
3	1600	26.381067450457	1
3	1601	26.381067450457	0
3	1613	26.581067450457	1
3	1614	26.581067450457	0
3	1626	26.781067450457	1
3	1627	26.781067450457	0
3	1641	26.981067450457	1
3	1642	26.981067450457	0
3	1658	27.181067450457	1
3	1659	27.181067450457	0
3	1675	27.381067450457	1
3	1676	27.381067450457	0
3	1686	27.581067450457	1
3	1687	27.581067450457	0
3	1695	27.781067450457	1
3	1696	27.781067450457	0
3	1710	27.981067450457	1
3	1711	27.981067450457	0
3	1723	28.181067450457	1
3	1724	28.181067450457	0
3	1740	28.381067450457	1
3	1741	28.381067450457	0
3	1751	28.581067450457	1
3	1752	28.581067450457	0
3	1760	28.781067450457	1
3	1761	28.781067450457	0
3	1771	28.981067450457	1
3	1772	28.981067450457	0
3	1784	29.181067450457	1
3	1785	29.181067450457	0
3	1797	29.381067450457	1
3	1798	29.381067450457	0
3	1814	29.581067450457	1
3	1815	29.581067450457	0
3	1830	29.781387450457	1
3	1831	29.781387450457	0
3	1850	29.982027450457	1
3	1851	29.982027450457	0
3	1857	30.182027450457	1
3	1858	30.182027450457	0
3	1862	30.382027450457	1
3	1863	30.382027450457	0
3	1867	30.582027450457	1
3	1868	30.582027450457	0
3	1874	30.782027450457	1
3	1875	30.782027450457	0
3	1883	30.982027450457	1
3	1884	30.982027450457	0
3	1890	31.182027450457	1
3	1891	31.182027450457	0
3	1901	31.382027450457	1
3	1902	31.382027450457	0
3	1914	31.582027450457	1
3	1915	31.582027450457	0
3	1921	31.782027450457	1
3	1922	31.782027450457	0
3	1928	31.982027450457	1
3	1929	31.982027450457	0
3	1935	32.182027450457	1
3	1936	32.182027450457	0
3	1944	32.382027450457	1
3	1945	32.382027450457	0
3	1959	32.582027450457	1
3	1960	32.582027450457	0
3	1966	32.782027450457	1
3	1967	32.782027450457	0
3	1973	32.982027450457	1
3	1974	32.982027450457	0
3	1986	33.182027450457	1
3	1987	33.182027450457	0
3	1995	33.382027450457	1
3	1996	33.382027450457	0
3	2004	33.582027450457	1
3	2005	33.582027450457	0
3	2009	33.782027450457	1
3	2010	33.782027450457	0
3	2018	33.982027450457	1
3	2019	33.982027450457	0
3	2029	34.182027450457	1
3	2030	34.182027450457	0
3	2038	34.382027450457	1
3	2039	34.382027450457	0
3	2043	34.582027450457	1
3	2044	34.582027450457	0
3	2052	34.782027450457	1
3	2053	34.782027450457	0
3	2063	34.982027450457	1
3	2064	34.982027450457	0
3	2084	35.182027450457	1
3	2085	35.182027450457	0
3	2091	35.382027450457	1
3	2092	35.382027450457	0
3	2100	35.582027450457	1
3	2101	35.582027450457	0
3	2112	35.782027450457	1
3	2113	35.782027450457	0
3	2123	35.982027450457	1
3	2124	35.982027450457	0
3	2132	36.182027450457	1
3	2133	36.182027450457	0
3	2145	36.382027450457	1
3	2146	36.382027450457	0
3	2160	36.582027450457	1
3	2161	36.582027450457	0
3	2175	36.782027450457	1
3	2176	36.782027450457	0
3	2190	36.982027450457	1
3	2191	36.982027450457	0
3	2203	37.182027450457	1
3	2204	37.182027450457	0
3	2212	37.382027450457	1
3	2213	37.382027450457	0
3	2221	37.582027450457	1
3	2222	37.582027450457	0
3	2232	37.782027450457	1
3	2233	37.782027450457	0
3	2245	37.982027450457	1
3	2246	37.982027450457	0
3	2258	38.182027450457	1
3	2259	38.182027450457	0
3	2269	38.382027450457	1
3	2270	38.382027450457	0
3	2282	38.582027450457	1
3	2283	38.582027450457	0
3	2295	38.782027450457	1
3	2296	38.782027450457	0
3	2304	38.982027450457	1
3	2305	38.982027450457	0
3	2317	39.182027450457	1
3	2318	39.182027450457	0
3	2340	39.382027450457	1
3	2341	39.382027450457	0
3	2349	39.582027450457	1
3	2350	39.582027450457	0
4	1317	20.881067450457	10.723775594186
4	1326	21.081067450457	10.823188493669
4	1336	21.281067450457	10.577738809051
4	1344	21.481067450457	10.458444144846
4	1355	21.681067450457	10.64768063403
4	1362	21.881067450457	10.741897992695
4	1367	22.081067450457	10.918467840817
4	1376	22.281067450457	11.017665916275
4	1385	22.481067450457	11.200074561732
4	1392	22.681067450457	10.864064526708
4	1397	22.881067450457	10.958190255199
4	1404	23.081067450457	11.070998669836
4	1417	23.281067450457	11.241790616509
4	1424	23.481067450457	11.388284148801
4	1435	23.681067450457	11.525489990702
4	1442	23.881067450457	11.661111890542
4	1453	24.081067450457	11.833084189694
4	1461	24.281067450457	11.935397782287
4	1470	24.481067450457	12.118085036672
4	1481	24.681067450457	12.27683491368
4	1494	24.881067450457	12.465139372701
4	1507	25.081067450457	12.552822542548
4	1520	25.281067450457	12.646015322833
4	1529	25.481067450457	12.807859738496
4	1546	25.681067450457	12.992988511571
4	1559	25.881067450457	13.042324978244
4	1578	26.081067450457	13.220436918593
4	1589	26.281067450457	13.121717929408
4	1606	26.481067450457	13.275716533634
4	1619	26.681067450457	13.367089595546
4	1630	26.881067450457	13.395056429774
4	1651	27.081067450457	13.593689971931
4	1664	27.281067450457	13.783475483779
4	1679	27.481067450457	13.885965290363
4	1690	27.681067450457	13.903983398435
4	1701	27.881067450457	13.99200196186
4	1718	28.081067450457	14.181898484329
4	1727	28.281067450457	14.024539647095
4	1746	28.481067450457	13.849636501137
4	1755	28.681067450457	13.839104371058
4	1766	28.881067450457	13.975870711418
4	1779	29.081067450457	14.104612352085
4	1790	29.281067450457	13.928419623635
4	1803	29.481067450457	14.122686930993
4	1824	29.681067450457	14.229839081303
4	1845	29.881387450457	14.370164392639
4	1854	30.082027450457	14.436379865424
4	1859	30.282027450457	14.634360852609
4	1864	30.482027450457	14.830363222703
4	1869	30.682027450457	14.972075383816
4	1878	30.882027450457	15.13883435972
4	1885	31.082027450457	14.949677347435
4	1892	31.282027450457	15.136871670904
4	1905	31.482027450457	15.292329724712
4	1916	31.682027450457	15.457212115774
4	1925	31.882027450457	15.591647487338
4	1932	32.082027450457	15.779008623695
4	1939	32.282027450457	15.86232127104
4	1956	32.482027450457	16.024051176154
4	1962	32.682027450457	16.011627456454
4	1970	32.882027450457	16.158139018878
4	1979	33.082027450457	16.107747840569
4	1992	33.282027450457	16.301118100421
4	1997	33.482027450457	16.476678555613
4	2006	33.682027450457	16.558759602906
4	2011	33.882027450457	16.675475251299
4	2020	34.082027450457	16.791865498102
4	2033	34.282027450457	16.791541445851
4	2040	34.482027450457	16.960699961841
4	2047	34.682027450457	17.089575168119
4	2056	34.882027450457	17.215499273074
4	2071	35.082027450457	17.166941037376
4	2086	35.282027450457	17.357076006534
4	2097	35.482027450457	17.303045555738
4	2107	35.682027450457	17.417255991631
4	2116	35.882027450457	17.608578943397
4	2127	36.082027450457	17.543653350529
4	2138	36.282027450457	17.711119308976
4	2151	36.482027450457	17.872763287566
4	2164	36.682027450457	18.0718232125
4	2183	36.882027450457	18.161738621491
4	2194	37.082027450457	18.177005856391
4	2207	37.282027450457	18.362872785035
4	2216	37.482027450457	18.458694719617
4	2227	37.682027450457	18.532701338606
4	2238	37.882027450457	18.548573091457
4	2251	38.082027450457	18.714407674754
4	2264	38.282027450457	18.883655902378
4	2277	38.482027450457	19.063420858521
4	2288	38.682027450457	19.212700846195
4	2299	38.882027450457	19.324387941999
4	2310	39.082027450457	19.443908202019
4	2327	39.282027450457	19.641876956139
4	2344	39.482027450457	19.823851730941
5	1317	20.881067450457	103
5	1326	21.081067450457	104
5	1336	21.281067450457	105
5	1344	21.481067450457	106
5	1355	21.681067450457	107
5	1362	21.881067450457	108
5	1367	22.081067450457	109
5	1376	22.281067450457	110
5	1385	22.481067450457	111
5	1392	22.681067450457	112
5	1397	22.881067450457	113
5	1404	23.081067450457	114
5	1417	23.281067450457	115
5	1424	23.481067450457	116
5	1435	23.681067450457	117
5	1442	23.881067450457	118
5	1453	24.081067450457	119
5	1461	24.281067450457	120
5	1470	24.481067450457	121
5	1481	24.681067450457	122
5	1494	24.881067450457	123
5	1507	25.081067450457	124
5	1520	25.281067450457	125
5	1529	25.481067450457	126
5	1546	25.681067450457	127
5	1559	25.881067450457	128
5	1578	26.081067450457	129
5	1589	26.281067450457	130
5	1606	26.481067450457	131
5	1619	26.681067450457	132
5	1630	26.881067450457	133
5	1651	27.081067450457	134
5	1664	27.281067450457	135
5	1679	27.481067450457	136
5	1690	27.681067450457	137
5	1701	27.881067450457	138
5	1718	28.081067450457	139
5	1727	28.281067450457	140
5	1746	28.481067450457	141
5	1755	28.681067450457	142
5	1766	28.881067450457	143
5	1779	29.081067450457	144
5	1790	29.281067450457	145
5	1803	29.481067450457	146
5	1824	29.681067450457	147
5	1845	29.881387450457	148
5	1854	30.082027450457	149
5	1859	30.282027450457	150
5	1864	30.482027450457	151
5	1869	30.682027450457	152
5	1878	30.882027450457	153
5	1885	31.082027450457	154
5	1892	31.282027450457	155
5	1905	31.482027450457	156
5	1916	31.682027450457	157
5	1925	31.882027450457	158
5	1932	32.082027450457	159
5	1939	32.282027450457	160
5	1956	32.482027450457	161
5	1962	32.682027450457	162
5	1970	32.882027450457	163
5	1979	33.082027450457	164
5	1992	33.282027450457	165
5	1997	33.482027450457	166
5	2006	33.682027450457	167
5	2011	33.882027450457	168
5	2020	34.082027450457	169
5	2033	34.282027450457	170
5	2040	34.482027450457	171
5	2047	34.682027450457	172
5	2056	34.882027450457	173
5	2071	35.082027450457	174
5	2086	35.282027450457	175
5	2097	35.482027450457	176
5	2107	35.682027450457	177
5	2116	35.882027450457	178
5	2127	36.082027450457	179
5	2138	36.282027450457	180
5	2151	36.482027450457	181
5	2164	36.682027450457	182
5	2183	36.882027450457	183
5	2194	37.082027450457	184
5	2207	37.282027450457	185
5	2216	37.482027450457	186
5	2227	37.682027450457	187
5	2238	37.882027450457	188
5	2251	38.082027450457	189
5	2264	38.282027450457	190
5	2277	38.482027450457	191
5	2288	38.682027450457	192
5	2299	38.882027450457	193
5	2310	39.082027450457	194
5	2327	39.282027450457	195
5	2344	39.482027450457	196
6	1818	29.581807450457	1
6	1836	29.782127450457	1
6	1838	29.782447450457	1

9787450457	37
5	529	7.879787450457	38
5	541	8.079787450457	39
5	555	8.279787450457	40
5	571	8.479787450457	41
5	583	8.679787450457	42
5	601	8.879787450457	43
5	611	9.079787450457	44
5	623	9.279787450457	45
5	637	9.479787450457	46
5	657	9.679787450457	47
5	671	9.879787450457	48
5	687	10.079787450457	49
5	705	10.279787450457	50
5	715	10.479787450457	51
5	725	10.679787450457	52
5	737	10.879787450457	53
5	751	11.079787450457	54
5	767	11.279787450457	55
5	779	11.479787450457	56
5	789	11.679787450457	57
5	801	11.879787450457	58
5	817	12.079787450457	59
5	835	12.279787450457	60
5	853	12.479787450457	61
5	869	12.679787450457	62
5	885	12.879787450457	63
5	895	13.079787450457	64
5	909	13.279787450457	65
5	921	13.479787450457	66
5	939	13.679787450457	67
5	951	13.879787450457	68
5	965	14.079787450457	69
5	977	14.279787450457	70
5	987	14.479787450457	71
5	999	14.679787450457	72
5	1011	14.879787450457	73
5	1025	15.079787450457	74
5	1035	15.279787450457	75
5	1051	15.479787450457	76
5	1069	15.679787450457	77
5	1083	15.879787450457	78
5	1093	16.079787450457	79
5	1111	16.279787450457	80
5	1129	16.479787450457	81
5	1141	16.679787450457	82
5	1153	16.879787450457	83
5	1169	17.079787450457	84
5	1183	17.279787450457	85
5	1195	17.479787450457	86
5	1213	17.679787450457	87
5	1223	17.879787450457	88
5	1237	18.079787450457	89
5	1253	18.279787450457	90
5	1263	18.479787450457	91
5	1281	18.679787450457	92
5	1293	18.879787450457	93
5	1309	19.079787450457	94
5	1321	19.279787450457	95
5	1341	19.479787450457	96
5	1359	19.679787450457	97
5	1371	19.879787450457	98
5	1389	20.079787450457	99
5	1405	20.279787450457	100
5	1419	20.479787450457	101
5	1429	20.679787450457	102
5	1445	20.879787450457	103
5	1459	21.079787450457	104
5	1473	21.279787450457	105
5	1485	21.479787450457	106
5	1501	21.679787450457	107
5	1513	21.879787450457	108
5	1523	22.079787450457	109
5	1537	22.279787450457	110
5	1551	22.479787450457	111
5	1563	22.679787450457	112
5	1573	22.879787450457	113
5	1585	23.079787450457	114
5	1603	23.279787450457	115
5	1615	23.479787450457	116
5	1631	23.679787450457	117
5	1643	23.879787450457	118
5	1659	24.079787450457	119
5	1671	24.279787450457	120
5	1681	24.479787450457	121
5	1693	24.679787450457	122
5	1707	24.879787450457	123
5	1721	25.079787450457	124
5	1735	25.279787450457	125
5	1744	25.479787450457	126
5	1760	25.679787450457	127
5	1774	25.879787450457	128
5	1794	26.079787450457	129
5	1806	26.279787450457	130
5	1824	26.479787450457	131
5	1838	26.679787450457	132
5	1850	26.879787450457	133
5	1872	27.079787450457	134
5	1886	27.279787450457	135
5	1902	27.479787450457	136
5	1914	27.679787450457	137
5	1926	27.879787450457	138
5	1944	28.079787450457	139
5	1954	28.279787450457	140
5	1974	28.479787450457	141
5	1984	28.679787450457	142
5	1996	28.879787450457	143
5	2008	29.079787450457	144
5	2022	29.279787450457	145
5	2036	29.479787450457	146
5	2052	29.679787450457	147
5	2066	29.879787450457	148
5	2080	30.079787450457	149
5	2090	30.279787450457	150
5	2100	30.479787450457	151
5	2110	30.679787450457	152
5	2124	30.879787450457	153
5	2136	31.079787450457	154
5	2148	31.279787450457	155
5	2168	31.479787450457	156
5	2184	31.679787450457	157
5	2196	31.879787450457	158
5	2208	32.079787450457	159
5	2222	32.279787450457	160
5	2244	32.479787450457	161
5	2254	32.679787450457	162
5	2266	32.879787450457	163
5	2280	33.079787450457	164
5	2296	33.279787450457	165
5	2308	33.479787450457	166
5	2322	33.679787450457	167
5	2332	33.879787450457	168
5	2346	34.079787450457	169
5	2364	34.279787450457	170
5	2380	34.479787450457	171
5	2399	34.679787450457	172
5	2411	34.879787450457	173
5	2423	35.079787450457	174
5	2435	35.279787450457	175
5	2443	35.479787450457	176
5	2449	35.679787450457	177
5	2451	35.879787450457	178
5	2455	36.079787450457	179
5	2459	36.279787450457	180
5	2465	36.479787450457	181
5	2471	36.679787450457	182
5	2483	36.879787450457	183
5	2487	37.079787450457	184
5	2493	37.279787450457	185
5	2495	37.479787450457	186
5	2502	37.679787450457	187
5	2508	37.879787450457	188
5	2514	38.079787450457	189
5	2520	38.279787450457	190
5	2526	38.479787450457	191
6	2376	34.422876925743	1
6	2386	34.522876925743	1
6	2395	34.622876925743	1
6	2403	34.722876925743	1

